#1\u5143=10\u79EF\u5206=10\u91D1\u8C46 1\u79EF\u5206=1\u91D1\u8C46
#\u6D3B\u52A8\u5956\u54C1\u5E93\u4EE3\u7801
#5\u51438\u6B21=0.625\u5143
active.name=A;B
#\u5956\u54C1\u5E93
#\u6D3B\u52A8A \u5229\u76CA\u7387%
A.pro=30
#\u9ED8\u8BA4\u5956\u54C1
A.default=1
#\u9700\u8981 \u79EF\u5206|\u91D1\u8C46
A.need=10|0
#\u5956\u54C1\u5E93\u4EE3\u7801.S.\u5E8F\u53F7=\u5956\u54C1ID#\u540D\u79F0#\u4EF7\u503C\uFF08\u5355\u4F4D\uFF1A\u56E0\u5B50\uFF09#\u6982\u7387#\u7C7B\u578B#\u4EF7\u503C\uFF08\u5143\uFF09
A.S.1=1#\u8C22\u8C22\u60E0\u987E#0#0.6645000000#ZR#0
A.S.2=5#\u968F\u673A\u91D1\u8C46#6.2#0.1881720430#RGD#0.62
A.S.3=3#10\u91D1\u8C46#10#0.1166666667#GD#1
A.S.4=4#20\u79EF\u5206#20#0.0583333333#SC#2
A.S.5=6#50\u91D1\u8C46#50#0.0233333333#GD#5
#A.S.6=250\u968F\u673A\u91D1\u8C46#250#0.0040000000#RGD#25
A.S.6=2#1000\u91D1\u8C46#1000#0.0011666667#GD#100
A.S.7=7#2000\u79EF\u5206#2000#0.0005833333#SC#200
A.S.8=8#30000\u91D1\u8C46#30000#0.00#ZR#0
  #\u6D3B\u52A8B \u5229\u76CA\u7387%
B.pro=30
#\u9ED8\u8BA4\u5956\u54C1
B.default=1
#\u9700\u8981 \u79EF\u5206|\u91D1\u8C46
B.need=0|10
B.S.1=1#\u8C22\u8C22\u60E0\u987E#0#0.6645000000#ZR#0
B.S.2=3#\u968F\u673A\u7EA2\u5305#0.62#0.1600000000#RRP#0.62
B.S.3=4#1\u5143\u7EA2\u5305#1#0.1000000000#RP#1
B.S.4=5#20\u91D1\u8C46#20#0.0500000000#GD#2
B.S.5=7#5\u5143\u7EA2\u5305#5#0.0200000000#RP#5
#B.S.6=25\u5143\u968F\u673A\u91D1\u8C46#250#0.0040000000#RGD
B.S.6=6#100\u5143\u7EA2\u5305#100#0.0010000000#RP#100
B.S.7=2#2000\u91D1\u8C46#2000#0.0005000000#GD#200
B.S.8=8#3000\u5143\u7EA2\u5305#3000#0.00#ZR#0

